29 31
77 61 466 932 219 1232 512 477 200 840 240 720 0 86 929 50 392 65 426 265 190 36 27 1147 165 410 681 130 1574 270 476 
566 999 251 178 491 552 918 378 126 154 194 0 1302 879 306 131 221 343 370 646 661 761 312 575 373 869 739 126 574 468 343 
138 33 192 396 16 1776 1202 273 960 1021 1173 592 1027 1238 525 504 54 784 1201 610 680 910 121 132 238 666 180 786 1325 1896 20 
793 408 531 599 621 1520 680 1162 1020 1047 851 600 525 361 442 486 630 502 1419 0 674 1271 566 1519 459 787 435 1345 1872 1332 449 
609 831 9 404 551 1610 566 63 771 150 1123 240 1079 1099 593 245 591 534 426 217 33 1217 302 785 827 177 829 393 1238 943 48 
348 180 505 172 0 80 847 998 236 550 521 0 672 756 1169 1457 599 494 1508 1014 896 587 0 725 653 871 0 1288 902 1189 81 
92 512 911 820 168 729 894 592 1044 187 730 0 2110 1060 143 471 793 809 1326 774 580 129 0 319 177 674 162 743 1630 1146 280 
96 1969 379 674 648 1105 1598 637 389 1491 617 582 2643 1069 860 408 722 1691 658 968 553 882 760 1082 1397 598 984 957 676 1269 302 
0 857 541 112 842 696 85 302 0 493 674 0 746 537 340 444 210 795 1317 593 85 272 126 780 42 210 378 1176 882 318 381 
66 338 759 476 18 560 22 168 406 608 330 24 866 715 366 436 610 685 802 572 60 417 303 0 22 195 324 54 196 606 279 
701 183 300 52 209 857 367 72 99 484 265 100 39 291 288 597 858 398 1143 878 461 1297 143 208 196 478 0 729 138 395 187 
264 1898 811 974 859 962 841 789 408 190 280 200 1584 860 564 667 1665 551 1128 1557 359 196 357 1205 587 580 703 560 572 174 261 
400 261 419 741 457 367 531 483 598 705 462 338 1995 1174 168 264 56 1735 1029 242 350 575 294 547 294 424 0 420 1891 871 159 
261 1641 1034 855 510 1398 950 567 225 222 582 288 1705 1525 319 1041 1031 1290 832 1527 161 1485 581 666 625 180 207 580 712 670 111 
518 1708 744 358 370 599 610 243 168 243 436 48 1458 1676 136 726 1279 1939 661 472 566 744 1053 373 126 906 462 674 170 428 159 
551 152 817 363 142 1490 408 16 345 1167 234 104 751 628 445 666 1022 1050 863 550 748 1214 630 268 123 651 705 1125 582 291 475 
323 1483 1590 1084 621 1136 655 971 1132 439 38 210 1910 480 1004 675 876 1432 959 1173 706 964 418 1427 668 786 1230 759 1309 120 880 
714 400 274 431 107 802 2107 420 0 1323 180 20 780 900 154 843 349 548 1052 570 1983 983 450 247 406 2646 297 773 440 1454 1018 
88 824 272 8 701 1041 824 573 432 910 525 44 431 333 104 132 292 610 1484 736 721 696 0 780 315 384 0 1363 400 403 509 
357 616 1491 714 33 717 769 532 1076 749 391 48 1714 717 439 170 693 647 1067 1030 24 1501 462 0 644 588 1008 192 130 969 849 
288 255 1354 552 521 1251 0 657 2002 1054 508 604 2338 630 812 1516 586 1919 1190 860 730 692 0 826 598 144 636 1862 1693 966 700 
374 1211 59 42 64 0 384 208 33 341 157 278 488 648 484 329 680 924 414 883 240 561 93 176 568 286 648 164 94 386 107 
142 817 91 497 266 434 1618 420 271 520 864 280 1495 1467 292 150 7 803 126 634 810 772 307 508 772 949 498 39 271 1061 552 
0 1652 432 261 298 87 829 480 570 755 495 56 1230 1227 269 240 0 1898 759 1146 102 789 0 323 630 266 473 370 990 1013 907 
85 1072 851 576 116 1020 707 1332 538 857 683 172 824 1271 369 336 527 1776 1941 990 612 1419 264 946 542 750 525 532 994 951 72 
308 1071 1310 782 48 1476 491 0 0 1247 310 570 1916 1102 1052 1876 1184 2626 306 1400 1324 1416 1405 129 140 198 126 1638 550 344 238 
1055 935 575 92 483 455 1089 621 473 90 759 144 1291 1194 1003 1181 812 397 1159 1054 714 1850 373 582 777 569 360 1690 777 1054 0 
259 1909 1666 946 444 1135 203 147 468 280 0 50 2134 1037 931 1093 1260 1690 730 953 365 410 747 425 299 772 1505 495 638 42 488 
1052 2443 738 320 849 1597 1448 1142 1003 915 1186 162 1317 2076 746 577 1810 2295 2184 2469 714 2118 350 768 363 978 724 1920 1265 1166 916 
