49 48
1012 1863 1846 776 1099 1776 1645 2247 1160 372 638 670 1496 78 471 892 605 955 907 555 1039 1119 1113 901 1049 546 364 152 1396 1661 850 974 994 1035 872 2462 555 1944 2335 962 576 839 733 1113 848 1255 1779 1274 
747 1768 1193 1568 2170 955 2768 1657 2246 221 2192 340 312 2086 920 714 1290 1251 1673 712 673 878 834 444 1124 825 722 1975 1948 2039 779 645 234 1525 861 2107 1546 1189 1678 964 1798 1456 1364 846 1562 1059 1887 1770 
12 578 1008 181 667 46 0 0 123 167 270 314 0 422 36 271 302 216 261 0 44 240 48 358 81 57 210 636 2 59 431 304 120 399 15 76 213 113 0 327 415 87 300 60 50 620 372 382 
784 1762 1798 733 1274 1564 1552 488 1472 1323 521 295 908 1289 740 1455 1139 2220 860 1587 1007 224 680 341 650 1186 1073 399 2024 736 2660 2074 412 2023 1324 1610 1033 1416 1223 979 147 739 770 1247 619 1699 1365 1910 
179 1127 1762 428 1053 594 1137 678 641 684 858 838 1006 784 314 499 430 974 968 503 1114 2575 1248 330 1055 533 444 1016 1634 1170 1499 2073 1106 1472 0 1428 555 886 1515 1511 375 449 699 1455 2031 964 1056 1977 
846 1512 2555 1550 2719 2001 3545 2635 3463 361 1567 374 601 1198 1919 766 696 1858 1429 614 586 1239 607 2139 1993 2715 917 2017 2179 2653 1402 2358 0 1187 265 3250 1842 1704 1576 2241 993 1705 1738 2061 1857 1716 1100 767 
890 2243 1974 1728 1867 1316 3130 2500 2201 1438 1434 913 675 1974 1492 1318 1530 871 1444 460 685 608 671 960 1124 792 1104 2020 1202 2370 1221 934 678 1275 1173 1672 1186 1200 1778 2353 1406 1716 1907 917 920 954 1895 1356 
796 1549 1027 1402 1498 1644 1886 1011 1645 630 2216 314 732 2046 1798 872 2761 1526 24 1216 930 1393 1201 126 540 344 968 156 396 1310 1529 1010 1122 598 1141 959 507 1251 704 1866 1128 1264 608 700 676 2059 1542 2250 
179 2008 2133 1370 879 965 1529 767 1980 108 797 498 1320 559 1054 373 791 2205 1040 749 720 568 477 1578 216 1478 854 778 1560 473 868 2410 314 1147 430 1086 317 587 1506 1178 364 127 1646 1161 1533 1778 917 1456 
819 1482 1430 1749 2215 1563 1773 2000 1763 1077 134 774 1154 759 501 1120 1427 240 890 1347 818 1247 817 1470 417 1547 440 1530 1683 1049 1324 1732 130 2270 818 1854 987 476 798 614 1205 1248 1071 908 374 1271 1441 912 
1024 1432 2438 2195 2529 1467 2188 1429 2144 1034 2105 971 207 1797 644 1989 2911 2051 2889 608 1458 1525 446 1432 1229 1439 1322 1254 1144 481 644 2464 642 1633 1171 2016 361 1569 1197 1450 1700 683 1734 1366 1064 1546 2546 3283 
2071 1544 4107 1311 3056 2299 2492 2848 1485 949 2001 1088 871 1273 574 1348 1793 1966 886 1526 1023 2122 2064 1405 58 1636 412 2093 886 2487 1890 2036 522 2047 947 2152 1603 2680 1746 2748 847 1152 1835 1592 628 2242 1344 1527 
572 991 1912 1152 794 1042 1620 1729 1944 1030 843 133 41 1148 384 721 876 2283 1215 958 624 120 834 85 1125 1390 960 338 793 356 289 876 26 1759 559 745 498 615 1829 985 235 208 988 609 1084 1861 366 646 
203 1434 1900 579 1411 420 1074 420 835 575 1518 513 623 990 208 315 335 972 200 373 531 637 462 610 188 1459 666 1435 776 507 1405 686 888 920 231 1380 813 271 569 1016 777 991 1230 360 1381 1528 656 908 
274 226 1335 1259 280 963 893 486 562 1150 1374 955 845 144 113 1368 528 534 836 143 391 1685 354 1378 666 697 390 1458 771 283 230 1893 0 1063 290 406 523 861 731 448 205 808 725 730 702 1417 941 1602 
422 1727 1500 1354 1343 1473 1451 1866 1474 1196 1869 1104 0 1190 452 712 489 1025 1169 835 537 712 0 807 446 1845 752 1595 2181 957 1162 418 155 1801 894 1528 1542 821 1915 1849 1074 1497 1367 705 1517 2548 1216 340 
587 756 1320 1188 1578 335 2350 906 454 648 489 677 255 848 361 1626 1800 45 1350 720 344 1128 204 445 178 970 748 432 1280 456 586 2780 200 2163 411 199 930 246 689 526 424 127 897 1163 304 516 1202 1200 
892 1312 2351 663 1631 1328 2358 1359 1888 1614 592 1182 811 1277 1517 812 564 712 1346 885 694 810 1457 1218 973 2144 767 1795 1997 935 1543 1133 554 1365 727 1883 681 964 2324 1251 1123 1649 1296 1820 1785 1803 865 1613 
528 1923 2641 2319 971 2185 1416 763 1326 288 1414 553 1558 547 1626 1292 705 1407 1067 638 414 1035 656 1075 2136 1135 1032 1294 1500 1235 1334 1803 758 1563 716 1285 637 1045 2299 952 305 840 1292 591 1068 1935 685 1176 
532 2356 1236 1271 1258 1472 2395 1813 881 1925 1537 540 100 613 1227 708 806 791 1368 776 1663 675 127 1343 1130 1319 940 752 869 978 1413 1406 1405 1275 577 1133 2265 2179 895 1278 1051 1761 1507 733 1665 1811 902 1817 
1516 2289 2421 1746 2818 1616 1974 2117 1391 1446 1270 1122 1239 1024 588 2879 3060 789 1683 2769 2945 2200 1199 1143 1495 1086 1003 1229 2076 611 2210 1981 1678 2473 1439 2050 1854 2051 848 1194 1681 521 974 420 628 2096 2335 2840 
336 1919 1838 1007 1703 504 1972 1382 1258 585 509 708 1010 1423 1570 671 951 64 1387 2136 2370 1357 965 472 1250 386 344 1494 2108 655 1747 759 979 1449 585 1695 1996 982 692 921 1791 928 414 712 861 1074 364 1387 
526 1103 1110 878 2297 633 1380 335 436 684 1538 457 0 829 588 1873 1785 958 1726 536 823 1471 432 1183 805 951 856 764 618 100 580 1643 420 1058 624 1015 636 1484 924 807 1253 0 532 1467 514 674 1247 2667 
270 1122 1278 211 1667 1433 1345 1070 1124 611 353 48 948 646 496 606 1048 1355 1241 1298 1103 707 1353 931 407 433 617 85 900 142 1483 1798 429 1409 684 1270 1264 1516 978 468 475 1040 1348 1473 470 900 69 1633 
961 993 2579 1366 1116 981 2657 1745 1448 1426 1501 1546 1960 1045 928 2655 924 1859 1597 818 754 1362 1782 990 1396 1413 1491 2027 788 1635 359 684 719 1459 1777 1979 1078 1267 1840 2344 1315 1442 674 1538 1863 992 1836 2468 
1909 1834 1792 596 1500 1441 2154 2349 1412 508 2469 1059 964 1673 1037 1900 2014 1755 1297 1812 1984 615 671 403 638 1051 1306 1830 1476 817 1058 1379 986 1428 962 2280 2036 1370 1186 1865 1403 754 666 446 1465 1264 1489 2218 
881 906 295 720 1504 2431 2674 2249 2296 480 924 994 829 2328 845 1671 2524 1606 1214 1198 1437 1328 1535 702 1517 1534 395 1433 724 2502 1412 1684 824 1425 502 1651 1529 1148 1894 1264 1633 1976 664 1208 1812 1410 1701 1293 
230 2323 1424 1013 1910 916 1487 2548 1880 492 1515 632 960 397 991 749 1146 2213 1540 2171 1545 841 1880 1031 999 904 152 768 1425 1037 1207 1674 550 1255 737 1394 1664 1957 1876 2326 1307 674 810 1009 1607 1009 905 1735 
1620 447 2823 1012 373 1862 3131 2361 906 677 1011 1127 1605 1232 1875 2186 1314 1630 1339 427 1557 784 1217 1521 1572 1366 166 2014 1615 1413 118 1772 928 1341 186 1968 1610 2170 1390 570 1605 2638 1204 1794 935 886 898 1637 
0 1916 1076 1384 883 939 1100 1684 896 1355 1085 593 0 1671 872 636 1399 1261 3005 894 1506 704 78 1559 436 912 500 1344 988 1101 176 1099 932 1102 368 1214 1844 1597 1230 1383 1657 580 832 512 2042 799 1299 2752 
26 778 599 890 624 1169 852 187 288 474 333 493 232 131 727 835 456 561 436 24 725 1266 1207 441 1318 643 498 213 289 742 1094 638 658 1019 649 222 21 483 876 141 0 477 540 610 528 536 719 1509 
550 1014 1600 1510 1689 890 1809 614 1196 120 1088 476 878 1266 866 439 588 903 216 1346 412 1869 727 184 637 812 933 980 1215 1247 1065 800 90 619 1063 1091 839 1126 1206 2047 932 507 852 1378 1212 1079 126 1408 
565 1828 643 588 1526 1202 1708 1312 1113 1156 1013 457 1170 30 869 985 2440 510 636 931 1212 1178 681 236 585 819 483 414 869 1420 1137 1361 847 704 674 1533 1763 994 508 686 442 105 912 491 590 2607 2183 1650 
1802 2488 2342 1680 2421 1687 2894 1970 1473 1768 756 1252 818 1994 1327 2221 1523 2039 2653 1560 1725 660 850 2083 330 1789 1075 1717 1485 1368 1719 3451 695 4311 1179 329 1536 2243 2168 1444 1118 1709 1773 1429 2230 1372 1899 2595 
166 904 2167 1339 1537 616 1841 632 799 1111 906 1221 514 1198 1002 613 859 563 1432 362 529 1224 493 1345 476 1882 658 1558 940 273 531 1282 376 728 485 1033 399 387 875 968 868 611 1370 1574 1964 2415 1307 1006 
251 2153 867 1356 928 1130 2403 1867 1774 1347 1787 1835 1037 577 981 1342 689 1064 1829 917 698 1970 1179 876 1989 650 854 1124 1264 1805 1362 2092 993 1351 619 1297 1394 1271 1027 1730 688 986 1642 1292 1852 1199 2415 1797 
706 747 1096 467 1565 1758 1490 1153 496 778 254 177 203 939 633 872 267 1146 1191 514 1538 1224 276 932 1718 1043 315 271 818 947 819 1123 514 969 97 1265 1265 2044 969 826 536 1074 539 1263 1761 775 418 1454 
864 1281 936 629 767 376 1786 2045 929 821 1435 718 392 778 428 1000 564 1510 1554 1663 1700 1466 1745 764 1308 1161 132 988 1465 706 675 1363 743 1075 136 169 566 1421 800 1269 240 613 1372 897 1238 501 850 1377 
583 1437 1034 1174 1187 1106 1523 1542 1028 122 2332 277 1628 1194 630 1788 881 1104 976 621 1086 766 1049 1689 1606 684 464 1682 484 1509 558 1338 961 814 102 1708 476 1578 2017 975 758 1113 422 478 1278 287 1703 1740 
1247 1389 2151 671 1148 1263 2366 1858 726 277 297 503 328 1354 641 786 726 453 772 560 529 925 731 693 102 1371 994 859 1160 2171 341 983 432 1859 220 145 430 1255 2068 566 652 1103 950 1432 660 1601 793 830 
1457 848 2254 1809 1076 836 2355 2089 1556 701 1057 786 2173 1028 615 2274 1225 759 685 1213 688 511 638 731 1498 743 593 2000 1191 1434 294 1747 514 1967 17 1647 1296 937 1642 654 737 617 615 336 637 350 1485 1664 
1149 1396 2925 1632 1522 776 915 1654 1220 1172 1758 1368 611 700 1549 1860 1983 1359 909 1290 1443 1993 1163 952 278 1002 526 916 2337 857 432 1674 1100 2378 281 942 1186 2150 1622 1155 435 821 1746 1485 890 2070 1853 3303 
816 1598 1511 1385 1860 1660 2452 2055 1259 697 914 675 167 1853 1692 1588 2631 807 743 230 1680 1651 382 265 1843 753 355 1041 1295 1236 2145 2228 717 1284 623 1188 955 371 721 1632 720 697 666 1176 551 1149 1779 1925 
703 1170 823 1341 699 817 3616 831 1651 384 804 315 952 743 1411 804 862 497 1168 1845 1115 687 333 90 1197 552 1855 1329 1953 1672 1159 1133 689 1338 644 1591 1630 552 905 533 1263 434 1281 974 489 1229 992 944 
405 72 1198 479 1067 87 1562 377 1202 1375 1031 255 476 971 307 785 758 1028 430 607 1431 1723 1231 220 1491 1134 505 0 756 856 423 861 676 221 492 285 409 1569 1344 967 57 361 832 298 1321 1140 455 1590 
963 1303 2458 856 759 1358 1513 2568 1350 583 957 352 356 676 41 1131 913 936 988 796 664 102 763 1537 465 1072 705 1316 486 211 207 1090 191 1052 356 1071 229 968 1511 781 606 783 450 860 392 1564 826 808 
1500 2427 1206 1990 2040 1868 2297 1469 1809 353 1066 1149 1768 2659 727 2216 1931 1148 1300 1312 1352 1269 1438 991 1688 1064 1476 2040 578 1681 974 897 1067 1493 2133 1239 622 735 546 1382 1382 936 1500 1623 1206 528 1625 1466 
321 1368 522 1074 890 729 2036 1078 1775 316 939 471 267 276 256 1420 1129 857 364 553 197 991 750 360 491 571 597 1417 930 1231 400 400 0 1321 649 1123 1260 513 421 821 1011 1232 984 743 776 1015 1216 927 
1416 762 2727 663 1239 2095 1915 2588 451 402 1060 1777 919 1616 1429 1183 1222 1359 507 258 1100 839 1814 1314 647 2185 339 1369 506 2330 477 824 1609 1239 511 1106 676 1530 1833 1705 1347 2150 881 1846 1001 950 1624 1575 
